1 0.5005833333333333 0.2891459074733096 0.5008333333333334 0.2842526690391459 0.4995833333333333 0.2820284697508897 0.4985 0.27698695136417556 0.4989166666666667 0.2732799525504152 0.4970833333333333 0.27179715302491103 0.49291666666666667 0.2722419928825623 0.4900833333333333 0.27550415183867144 0.4895 0.28128706998813763 0.49091666666666667 0.2870699881376038 0.49291666666666667 0.28410438908659547 0.49625 0.2870699881376038 0.4994166666666667 0.28929418742586005
1 0.48841666666666667 0.3210260972716489 0.4856666666666667 0.31895017793594305 0.48441666666666666 0.31983985765124556 0.4845 0.322508896797153 0.48591666666666666 0.32562277580071175 0.48925 0.3281435349940688 0.4933333333333333 0.330367734282325 0.49475 0.32873665480427045 0.4941666666666667 0.32532621589561095 0.4916666666666667 0.32325029655990506
1 0.48475 0.33244365361803085 0.4826666666666667 0.33229537366548045 0.48075 0.3331850533807829 0.481 0.33629893238434166 0.4821666666666667 0.3398576512455516 0.48475 0.3419335705812574 0.4870833333333333 0.34386120996441283 0.48991666666666667 0.3446026097271649 0.4906666666666667 0.3419335705812574 0.4896666666666667 0.33659549228944247
1 0.4811666666666667 0.34311981020166077 0.4785833333333333 0.3429715302491103 0.4769166666666667 0.3450474495848161 0.477 0.34801304863582444 0.4781666666666667 0.35216488730723605 0.4805 0.3554270462633452 0.4845 0.35794780545670224 0.48641666666666666 0.3570581257413997 0.4870833333333333 0.3517200474495848 0.4850833333333333 0.34816132858837484
1 0.5438333333333334 0.36298932384341637 0.5405 0.36165480427046265 0.5400833333333334 0.36298932384341637 0.5418333333333334 0.3665480427046263 0.54525 0.368920521945433 0.5483333333333333 0.37114472123368925 0.55025 0.37025504151838673 0.54875 0.36580664294187426 0.5461666666666666 0.3641755634638197
1 0.53975 0.37559311981020166 0.537 0.37455516014234874 0.536 0.3758896797153025 0.5371666666666667 0.37944839857651247 0.54 0.3834519572953737 0.5436666666666666 0.38552787663107946 0.5455833333333334 0.3856761565836299 0.546 0.3827105575326216 0.544 0.37915183867141167
1 0.5364166666666667 0.386417556346382 0.5340833333333334 0.38523131672597866 0.5323333333333333 0.3865658362989324 0.5324166666666666 0.3898279952550415 0.5340833333333334 0.39397983392645314 0.5358333333333334 0.39709371293001183 0.5389166666666666 0.3984282325029656 0.542 0.3973902728351127 0.5414166666666667 0.3914590747330961 0.5395833333333334 0.39012455516014233
1 0.57425 0.3652135231316726 0.5729166666666666 0.3683274021352313 0.5711666666666666 0.36995848161328587 0.57025 0.3718861209964413 0.5698333333333334 0.37440688018979834 0.5700833333333334 0.3776690391459075 0.5721666666666666 0.38122775800711745 0.5755833333333333 0.38419335705812574 0.5795833333333333 0.381079478054567 0.5833333333333334 0.3752965599051008 0.5845 0.3709964412811388 0.5811666666666666 0.3683274021352313 0.5785 0.3649169632265718 0.57625 0.3634341637010676
1 0.59425 0.40599051008303677 0.5911666666666666 0.4042111506524318 0.5911666666666666 0.40613879003558717 0.5933333333333334 0.4094009489916963 0.5959166666666667 0.4122182680901542 0.5993333333333334 0.4144424673784104 0.6003333333333334 0.41370106761565834 0.5993333333333334 0.41029062870699884 0.5964166666666666 0.40791814946619215
1 0.5905 0.41740806642941874 0.5883333333333334 0.416073546856465 0.5868333333333333 0.4171115065243179 0.5873333333333334 0.42022538552787664 0.5885 0.42319098457888493 0.5906666666666667 0.42571174377224197 0.59425 0.4279359430604982 0.5959166666666667 0.42674970344009494 0.5949166666666666 0.42230130486358247 0.5931666666666666 0.42022538552787664
1 0.5865833333333333 0.42674970344009494 0.5845833333333333 0.4258600237247924 0.5828333333333334 0.4266014234875445 0.5824166666666666 0.4285290628706999 0.5831666666666666 0.43223606168446027 0.5845 0.4357947805456702 0.586 0.4375741399762752 0.5881666666666666 0.4389086595492289 0.5899166666666666 0.43965005931198103 0.5913333333333334 0.43712930011862394 0.5913333333333334 0.43401542111506525 0.5900833333333334 0.4314946619217082 0.5885 0.4289739027283511
1 0.6045833333333334 0.3468268090154211 0.601 0.34519572953736655 0.5999166666666667 0.3428232502965599 0.5978333333333333 0.3389679715302491 0.5975833333333334 0.33511269276393835 0.5999166666666667 0.3315539739027284 0.6031666666666666 0.3291814946619217 0.6048333333333333 0.326067615658363 0.6058333333333333 0.3262158956109134 0.60675 0.32932977461447216 0.6085833333333334 0.32992289442467376 0.6108333333333333 0.3319988137603796 0.6123333333333334 0.3352609727164887 0.611 0.3373368920521946 0.6089166666666667 0.3410438908659549 0.60625 0.34415776986951363
1 0.6440833333333333 0.3013048635824437 0.64525 0.29804270462633453 0.64475 0.29225978647686834 0.6421666666666667 0.28855278766310793 0.64 0.28647686832740216 0.6369166666666666 0.28410438908659547 0.6355 0.28529062870699884 0.6350833333333333 0.2872182680901542 0.633 0.28795966785290633 0.6309166666666667 0.29092526690391457 0.629 0.29389086595492286 0.6286666666666666 0.2974495848161328 0.6293333333333334 0.30056346381969157 0.63125 0.30308422301304866 0.6338333333333334 0.30486358244365364 0.6348333333333334 0.30619810201660735 0.6378333333333334 0.3016014234875445 0.63975 0.29922894424673785 0.6425 0.30056346381969157
