1 0.513625 0.222864768683274 0.51875 0.2197508896797153 0.520625 0.21530249110320285 0.5205 0.2117437722419929 0.518375 0.20796263345195729 0.52125 0.20529359430604982 0.5235 0.2021797153024911 0.522625 0.19461743772241993 0.515875 0.18683274021352314 0.515625 0.18193950177935944 0.51075 0.1777135231316726 0.507875 0.17993772241992884 0.504 0.17882562277580072 0.502875 0.17815836298932383 0.5005 0.17949288256227758 0.50025 0.18527580071174377 0.498125 0.18772241992882563 0.495 0.1903914590747331 0.49275 0.19461743772241993 0.49275 0.20084519572953738 0.49475 0.2050711743772242 0.497625 0.20774021352313168 0.495625 0.21018683274021352 0.49525 0.21419039145907473 0.49775 0.21997330960854092 0.502375 0.22219750889679715 0.507125 0.2235320284697509
1 0.570875 0.24666370106761565 0.5745 0.24466192170818504 0.576125 0.2411032028469751 0.57575 0.2353202846975089 0.5735 0.2304270462633452 0.5695 0.2257562277580071 0.569875 0.222864768683274 0.5665 0.22041814946619218 0.564625 0.21619217081850534 0.558875 0.2139679715302491 0.554875 0.21619217081850534 0.5555 0.2217526690391459 0.5515 0.22464412811387902 0.54825 0.2284252669039146 0.54675 0.2326512455516014 0.547125 0.23643238434163702 0.5485 0.23954626334519574 0.550875 0.24154804270462635 0.54825 0.24644128113879005 0.5485 0.251779359430605 0.552375 0.2566725978647687 0.557375 0.2597864768683274 0.563125 0.2611209964412811 0.56825 0.26023131672597866 0.57175 0.2580071174377224 0.57275 0.25444839857651247
1 0.6525 0.32762455516014233 0.657125 0.3262900355871886 0.659875 0.3236209964412811 0.6615 0.3202846975088968 0.661125 0.31583629893238435 0.660125 0.3138345195729537 0.66375 0.3087188612099644 0.664125 0.3029359430604982 0.6625 0.2975978647686833 0.658125 0.29225978647686834 0.65775 0.28981316725978645 0.654375 0.287144128113879 0.655125 0.28291814946619215 0.6515 0.28069395017793597 0.645125 0.28180604982206403 0.643125 0.2844750889679715 0.64175 0.2891459074733096 0.63775 0.2931494661921708 0.6355 0.29804270462633453 0.635375 0.30315836298932386 0.637125 0.3069395017793594 0.639625 0.3098309608540925 0.637625 0.3125 0.638 0.3185053380782918 0.640875 0.3236209964412811 0.64725 0.3265124555160142
1 0.40925 0.4735320284697509 0.408875 0.4637455516014235 0.407125 0.4579626334519573 0.404 0.45195729537366547 0.400375 0.45195729537366547 0.397875 0.4568505338078292 0.39575 0.4653024911032028 0.396375 0.4748665480427046 0.397125 0.4806494661921708 0.39925 0.48665480427046265 0.402625 0.4893238434163701 0.405875 0.48687722419928825 0.408375 0.4793149466192171
1 0.417625 0.452846975088968 0.4145 0.4550711743772242 0.412625 0.4621886120996441 0.412625 0.4719750889679715 0.413125 0.47975978647686834 0.415375 0.486432384341637 0.417625 0.48976868327402134 0.420875 0.4891014234875445 0.42425 0.48265124555160144 0.425625 0.47419928825622776 0.425125 0.46641459074733094 0.424375 0.461076512455516 0.42075 0.4539590747330961
1 0.43175 0.452846975088968 0.428875 0.45907473309608543 0.427875 0.46819395017793597 0.428625 0.47731316725978645 0.429875 0.48265124555160144 0.432 0.48798932384341637 0.435 0.49065836298932386 0.437875 0.48776690391459077 0.44025 0.48109430604982206 0.44125 0.4695284697508897 0.439625 0.4599644128113879 0.43675 0.45462633451957296 0.4345 0.452846975088968
1 0.467 0.44105871886120995 0.4715 0.4375 0.471125 0.43282918149466193 0.46625 0.4279359430604982 0.464375 0.42526690391459077 0.46525 0.42148576512455516 0.464375 0.41748220640569395 0.4605 0.41570284697508897 0.457 0.4125889679715303 0.454 0.4161476868327402 0.45025 0.4205960854092527 0.451875 0.42437722419928825 0.45 0.427491103202847 0.44575 0.4319395017793594 0.444 0.4348309608540925 0.444125 0.4372775800711744 0.44925 0.44105871886120995 0.448875 0.44506227758007116 0.450125 0.44795373665480426 0.456125 0.4490658362989324 0.462875 0.4488434163701068 0.467 0.44795373665480426 0.468125 0.44506227758007116
1 0.527625 0.43016014234875444 0.527625 0.4406138790035587 0.526625 0.4499555160142349 0.523375 0.45484875444839856 0.520625 0.4570729537366548 0.515 0.4501779359430605 0.514625 0.44105871886120995 0.515625 0.4314946619217082 0.51725 0.4234875444839858 0.520875 0.41881672597864766 0.523625 0.4205960854092527 0.5265 0.42571174377224197
1 0.539625 0.4225978647686833 0.54275 0.42815836298932386 0.544125 0.4366103202846975 0.5435 0.4455071174377224 0.54275 0.4524021352313167 0.5385 0.4581850533807829 0.535375 0.4559608540925267 0.53175 0.45062277580071175 0.530375 0.44261565836298933 0.531 0.4332740213523132 0.532375 0.42704626334519574 0.534625 0.42126334519572955 0.53725 0.4197064056939502
1 0.55975 0.4319395017793594 0.557625 0.42415480427046265 0.554875 0.42037366548042704 0.550875 0.4199288256227758 0.54825 0.42526690391459077 0.546375 0.4319395017793594 0.54725 0.4430604982206406 0.54875 0.44795373665480426 0.550875 0.4539590747330961 0.5535 0.4568505338078292 0.556375 0.45484875444839856 0.55925 0.44928825622775803 0.560125 0.43972419928825623
1 0.649375 0.3983540925266904 0.6475 0.3890124555160142 0.64375 0.38434163701067614 0.6405 0.38523131672597866 0.637125 0.39368327402135234 0.635125 0.40480427046263345 0.63625 0.41481316725978645 0.6375 0.422153024911032 0.64225 0.42548932384341637 0.645875 0.42415480427046265 0.648375 0.41725978647686834 0.649875 0.40791814946619215
1 0.6655 0.3983540925266904 0.66325 0.39012455516014233 0.659 0.38545373665480426 0.655125 0.38701067615658363 0.653125 0.3943505338078292 0.65175 0.40057829181494664 0.65275 0.4092526690391459 0.6535 0.4152580071174377 0.654 0.4197064056939502 0.656625 0.427491103202847 0.661 0.4263790035587189 0.663625 0.4208185053380783 0.6665 0.41058718861209964 0.666375 0.4025800711743772
1 0.67775 0.39012455516014233 0.673875 0.3858985765124555 0.6715 0.3865658362989324 0.668375 0.39234875444839856 0.667875 0.39902135231316727 0.66775 0.40613879003558717 0.668125 0.41548042704626337 0.669625 0.4199288256227758 0.673125 0.4248220640569395 0.675375 0.4261565836298932 0.679375 0.42126334519572955 0.68025 0.412144128113879 0.680875 0.4052491103202847 0.6795 0.39368327402135234
1 0.508125 0.49532918149466193 0.507125 0.5042259786476868 0.507 0.5126779359430605 0.506875 0.5204626334519573 0.505875 0.5275800711743772 0.505875 0.5366992882562278 0.5055 0.5455960854092526 0.5045 0.5522686832740213 0.5045 0.5582740213523132 0.50025 0.5602758007117438 0.495625 0.5573843416370107 0.494125 0.5531583629893239 0.49525 0.5427046263345195 0.496 0.5293594306049823 0.4975 0.5108985765124555 0.49775 0.5 0.498375 0.4944395017793594 0.508 0.4922153024911032
1 0.67975 0.4486209964412811 0.678375 0.4555160142348754 0.677875 0.4626334519572954 0.676625 0.46908362989323843 0.6765 0.4724199288256228 0.675875 0.48020462633451955 0.674875 0.484653024911032 0.674875 0.4891014234875445 0.673875 0.4971085409252669 0.672375 0.5057829181494662 0.671875 0.5122330960854092 0.671125 0.5169039145907474 0.66775 0.5177935943060499 0.664375 0.515346975088968 0.66075 0.5102313167259787 0.662125 0.5046708185053381 0.66275 0.4968861209964413 0.664125 0.48487544483985767 0.66525 0.47709074733096085 0.66625 0.46619217081850534 0.66775 0.4579626334519573 0.66875 0.4483985765124555 0.67375 0.4472864768683274 0.67725 0.4461743772241993
1 0.733625 0.4308274021352313 0.734 0.4366103202846975 0.733125 0.4417259786476868 0.73225 0.4472864768683274 0.732 0.4541814946619217 0.731625 0.46419039145907476 0.731125 0.46908362989323843 0.731125 0.476423487544484 0.7295 0.4873220640569395 0.7295 0.49755338078291816 0.729125 0.501779359430605 0.72375 0.5015569395017794 0.720125 0.5 0.71875 0.49644128113879005 0.7195 0.48576512455516013 0.720625 0.4755338078291815 0.720875 0.46463523131672596 0.721625 0.45262455516014233 0.7225 0.43994661921708184 0.723 0.4326067615658363 0.728125 0.42993772241992884
