1 0.4855 0.6018683274021353 0.48533333333333334 0.5968268090154212 0.48441666666666666 0.5951957295373665 0.4825 0.5966785290628707 0.482 0.6011269276393831 0.48125 0.6051304863582443 0.48075 0.6100237247924081 0.48083333333333333 0.6150652431791223 0.4826666666666667 0.6152135231316725 0.4840833333333333 0.6119513641755635 0.4850833333333333 0.6055753262158956
1 0.49491666666666667 0.6036476868327402 0.4938333333333333 0.5994958481613286 0.4923333333333333 0.6009786476868327 0.4915 0.6058718861209964 0.4905 0.6089857651245552 0.48991666666666667 0.6150652431791223 0.4900833333333333 0.6190688018979834 0.49091666666666667 0.6215895610913404 0.4928333333333333 0.6169928825622776 0.4943333333333333 0.6107651245551602 0.4948333333333333 0.6051304863582443
1 0.5041666666666667 0.6067615658362989 0.50275 0.6051304863582443 0.5013333333333333 0.6067615658362989 0.5000833333333333 0.6103202846975089 0.4995833333333333 0.615361803084223 0.4989166666666667 0.6198102016607354 0.4988333333333333 0.6244068801897984 0.4996666666666667 0.6264827995255041 0.50175 0.6241103202846975 0.50325 0.6184756820877817 0.5044166666666667 0.611803084223013
1 0.56 0.6419039145907474 0.559 0.638938315539739 0.55625 0.641755634638197 0.5541666666666666 0.6462040332147094 0.5540833333333334 0.6524317912218268 0.5546666666666666 0.6580664294187426 0.55625 0.6591043890865955 0.55925 0.6562870699881376 0.5603333333333333 0.6525800711743772 0.5606666666666666 0.6466488730723606
1 0.60375 0.616399762752076 0.60175 0.612841043890866 0.5973333333333334 0.6119513641755635 0.5955833333333334 0.6146204033214709 0.5946666666666667 0.6178825622775801 0.59275 0.616399762752076 0.58925 0.6166963226571767 0.5878333333333333 0.6202550415183867 0.5866666666666667 0.6205516014234875 0.5841666666666666 0.6202550415183867 0.58125 0.6215895610913404 0.5793333333333334 0.6258896797153025 0.5794166666666666 0.632858837485172 0.58075 0.6396797153024911 0.5831666666666666 0.6441281138790036 0.5863333333333334 0.6451660735468564 0.5888333333333333 0.6436832740213523 0.5901666666666666 0.6392348754448398 0.5921666666666666 0.6413107947805458 0.5950833333333334 0.6416073546856464 0.5965833333333334 0.638938315539739 0.5976666666666667 0.634638196915777 0.5999166666666667 0.6367141162514828 0.6023333333333334 0.6370106761565836 0.605 0.6341933570581257 0.606 0.62855871886121 0.60575 0.6215895610913404
1 0.6620833333333334 0.5302491103202847 0.6614166666666667 0.5262455516014235 0.6596666666666666 0.5235765124555161 0.6565 0.5241696322657177 0.65525 0.5266903914590747 0.6539166666666666 0.527135231316726 0.6545 0.5229833926453143 0.65375 0.5188315539739027 0.6519166666666666 0.5172004744958482 0.65 0.516459074733096 0.6470833333333333 0.5185349940688019 0.646 0.5203143534994069 0.6461666666666667 0.517497034400949 0.6451666666666667 0.5126037959667853 0.64425 0.5100830367734283 0.641 0.5102313167259787 0.6389166666666666 0.512158956109134 0.6374166666666666 0.5142348754448398 0.636 0.5177935943060499 0.63575 0.5225385527876631 0.6358333333333334 0.527135231316726 0.63675 0.5311387900355872 0.63775 0.533214709371293 0.64125 0.5324733096085409 0.6433333333333334 0.5284697508896797 0.6435833333333334 0.5302491103202847 0.6440833333333333 0.534994068801898 0.6453333333333334 0.5384045077105575 0.6465833333333334 0.5398873072360617 0.6495833333333334 0.5388493475682088 0.6516666666666666 0.5342526690391459 0.6525833333333334 0.5355871886120996 0.6523333333333333 0.538552787663108 0.6531666666666667 0.5427046263345195 0.6545 0.5456702253855279 0.657 0.5465599051008304 0.6593333333333333 0.5431494661921709 0.661 0.5389976275207592 0.6619166666666666 0.533956109134045
1 0.6263333333333334 0.48976868327402134 0.6295833333333334 0.4835409252669039 0.6298333333333334 0.47938908659549234 0.6285 0.4752372479240806 0.6248333333333334 0.4725682087781732 0.6240833333333333 0.4706405693950178 0.6216666666666666 0.4691577698695137 0.6171666666666666 0.4697508896797153 0.6168333333333333 0.47271648873072364 0.614 0.4750889679715303 0.6123333333333334 0.47835112692763937 0.6118333333333333 0.4835409252669039 0.6133333333333334 0.4876927639383155 0.6155 0.49125148279952546 0.6196666666666666 0.49317912218268095 0.6241666666666666 0.4915480427046263
1 0.6135 0.47434756820877816 0.61075 0.4730130486358244 0.60925 0.4750889679715303 0.608 0.4804270462633452 0.60775 0.4900652431791222 0.6089166666666667 0.49303084223013044 0.6114166666666666 0.4900652431791222 0.6121666666666666 0.4836892052194543 0.6123333333333334 0.47820284697508897
1 0.6079166666666667 0.47434756820877816 0.6070833333333334 0.4673784104389087 0.6053333333333334 0.4664887307236062 0.6035 0.4691577698695137 0.6023333333333334 0.4698991696322657 0.5999166666666667 0.46886120996441283 0.5998333333333333 0.46381969157769876 0.5984166666666666 0.4592230130486358 0.5974166666666666 0.4593712930011863 0.5953333333333334 0.46100237247924075 0.5935 0.46500593119810196 0.59175 0.4712336892052194 0.5919166666666666 0.47583036773428233 0.5923333333333334 0.4795373665480427 0.59525 0.47924080664294183 0.5971666666666666 0.4750889679715303 0.599 0.4762752075919336 0.6003333333333334 0.4796856465005931 0.60375 0.4789442467378411 0.605 0.4737544483985765
1 0.581 0.4744958481613286 0.5804166666666666 0.46945432977461443 0.5788333333333334 0.46604389086595494 0.5770833333333334 0.46841637010676157 0.5756666666666667 0.47286476868327404 0.5745 0.47835112692763937 0.5738333333333334 0.4823546856465006 0.5741666666666666 0.4882858837485172 0.5755833333333333 0.49051008303677346 0.5785833333333333 0.48591340450771053
1 0.5695 0.46604389086595494 0.5671666666666666 0.463226571767497 0.5654166666666667 0.4658956109134045 0.564 0.4737544483985765 0.5633333333333334 0.47805456702253857 0.5631666666666666 0.4817615658362989 0.5646666666666667 0.484282325029656 0.5674166666666667 0.4811684460260973 0.56875 0.47419928825622776
1 0.5591666666666666 0.46070581257414 0.559 0.4555160142348754 0.5575 0.4541814946619217 0.5553333333333333 0.45699881376037954 0.5538333333333334 0.46100237247924075 0.5526666666666666 0.46604389086595494 0.55225 0.4730130486358244 0.5531666666666666 0.47879596678529057 0.5555833333333333 0.47746144721233685 0.5574166666666667 0.4706405693950178
1 0.5449166666666666 0.4470640569395018 0.54425 0.43979833926453143 0.5424166666666667 0.43979833926453143 0.5405833333333334 0.4435053380782918 0.54025 0.4483985765124555 0.5393333333333333 0.4531435349940688 0.5399166666666666 0.45951957295373663 0.5406666666666666 0.46100237247924075 0.5430833333333334 0.4593712930011863
1 0.5356666666666666 0.4423190984578885 0.5340833333333334 0.43653618030842234 0.5324166666666666 0.4377224199288256 0.5315 0.44217081850533807 0.5305 0.44691577698695134 0.5299166666666666 0.4525504151838672 0.5303333333333333 0.4574436536180308 0.5321666666666667 0.4583333333333333 0.5339166666666666 0.4524021352313167 0.5350833333333334 0.44424673784104385
